v 0.242636 0.170825 -0.0272018
v 0.269521 0.170825 -0.0192831
v 0.269521 0.170825 0.195895
v 0.262738 0.170825 0.195895
v 0.262738 0.170825 0.219769
v 0.269521 0.170825 0.219769
v 0.266617 0.170825 0.750866
v 0.264495 0.170825 0.823907
v 0.261666 0.170825 0.852325
v 0.250597 0.170825 0.88117
v 0.245711 0.170825 0.881128
v 0.23281 0.170825 0.85181
v 0.225759 0.170825 0.822707
v 0.219598 0.170825 0.749344
v 0.215011 0.170825 0.219769
v 0.221805 0.170825 0.219769
v 0.221805 0.170825 0.195874
v 0.215011 0.170825 0.195874
v 0.214958 0.170825 -0.0192831
v 0.256201 0.0918736 0.590071
v 0.22892 0.0918736 0.590071
v 0.223262 0.105504 0.608801
v 0.261859 0.105504 0.608801
v 0.261859 0.105504 0.373085
v 0.223284 0.105504 0.373085
v 0.228941 0.0918736 0.373085
v 0.242571 0.0862159 0.373127
v 0.256223 0.0918736 0.373063
v 0.25618 0.0918736 0.172793
v 0.24255 0.0862159 0.178815
v 0.228941 0.0918736 0.172771
v 0.223284 0.105504 0.166792
v 0.261859 0.105504 0.166792
v 0.0259721 -0.0620206 0.0852268
v 0.233088 0.0951097 0.236099
v 0.233067 0.0951097 0.344217
v 0.0259935 -0.0640351 0.124745
v 0.036725 -0.0707643 0.124724
v 0.255473 0.0953883 0.344217
v 0.255473 0.0953883 0.236121
v 0.0367678 -0.0687499 0.0852268
v 0.215011 0.118662 0.005673
v 0.215011 0.118662 0.220819
v 0.221805 0.118662 0.220819
v 0.221784 0.118662 0.244714
v 0.215011 0.118662 0.244736
v 0.219598 0.118662 0.729199
v 0.22578 0.118662 0.789061
v 0.232778 0.118662 0.818121
v 0.245711 0.118662 0.838437
v 0.250597 0.118662 0.838395
v 0.261645 0.118662 0.818678
v 0.264495 0.118662 0.790218
v 0.266617 0.118662 0.730721
v 0.269521 0.118662 0.244693
v 0.262738 0.118662 0.244693
v 0.262738 0.118662 0.220798
v 0.269521 0.118662 0.220798
v 0.269542 0.118662 0.00569443
v 0.242636 0.118662 -0.00229924
v 0.21499 0.17256 -0.0110108
v 0.215011 0.17256 0.204189
v 0.215011 0.17256 0.228041
v 0.219598 0.17256 0.757601
v 0.22578 0.17256 0.831022
v 0.232778 0.17256 0.860083
v 0.245711 0.17256 0.8894
v 0.250576 0.17256 0.8894
v 0.261645 0.17256 0.860597
v 0.264495 0.17256 0.83218
v 0.266617 0.17256 0.759144
v 0.269521 0.17256 0.228041
v 0.269542 0.17256 0.204167
v 0.269542 0.17256 -0.0110108
v 0.242614 0.17256 -0.0189724
v 0.244875 0.182397 -0.0144719
v 0.26067 0.182397 -0.00648896
v 0.26067 0.182397 0.208646
v 0.26067 0.182397 0.232542
v 0.258987 0.182397 0.763644
v 0.257712 0.182397 0.83668
v 0.256062 0.182397 0.865097
v 0.249526 0.182397 0.8939
v 0.246675 0.182397 0.8939
v 0.239078 0.182397 0.864583
v 0.234953 0.182397 0.835523
v 0.23131 0.182397 0.762144
v 0.228609 0.182397 0.232563
v 0.228609 0.182397 0.208646
v 0.228609 0.182397 -0.00651039
v 0.242636 0.118662 -0.00257784
v 0.269542 0.118662 0.00540511
v 0.269521 0.118662 0.220541
v 0.269542 0.118662 0.244436
v 0.266617 0.118662 0.730421
v 0.264474 0.118662 0.789961
v 0.261666 0.118662 0.818335
v 0.250597 0.118662 0.838137
v 0.245711 0.118662 0.83818
v 0.23281 0.118662 0.817864
v 0.22578 0.118662 0.788761
v 0.219598 0.118662 0.728921
v 0.215011 0.118662 0.244457
v 0.215011 0.118662 0.220562
v 0.21499 0.118662 0.00538368
v 0.225084 0.105632 0.00538368
v 0.225084 0.105632 0.220562
v 0.225084 0.105632 0.244457
v 0.228084 0.105632 0.728942
v 0.232145 0.105632 0.788761
v 0.236753 0.105632 0.817864
v 0.245164 0.105632 0.83818
v 0.24839 0.105632 0.838137
v 0.255644 0.105632 0.818378
v 0.257498 0.105632 0.789961
v 0.258902 0.105632 0.730442
v 0.260788 0.105632 0.244436
v 0.260788 0.105632 0.220583
v 0.260766 0.105632 0.00538368
v 0.243182 0.105632 -0.00257784
v 0.261666 0.169646 0.207339
v 0.243643 0.193498 0.111115
v 0.251283 0.190327 0.111137
v 0.247468 0.190327 0.117716
v 0.239871 0.190327 0.117716
v 0.236056 0.190327 0.111115
v 0.23985 0.190327 0.104557
v 0.247468 0.190327 0.104557
v 0.254444 0.18274 0.111115
v 0.252997 0.18274 0.116516
v 0.249022 0.18274 0.120459
v 0.243664 0.18274 0.121938
v 0.238296 0.18274 0.12048
v 0.234342 0.18274 0.116516
v 0.232874 0.18274 0.111137
v 0.234321 0.18274 0.105736
v 0.238264 0.18274 0.101836
v 0.243643 0.18274 0.100335
v 0.249043 0.18274 0.101793
v 0.252976 0.18274 0.105757
v -0.257145 0.18274 0.105757
v -0.253195 0.18274 0.101771
v -0.247817 0.18274 0.100335
v -0.24244 0.18274 0.101793
v -0.238535 0.18274 0.105736
v -0.237043 0.18274 0.111115
v -0.23849 0.18274 0.116494
v -0.24244 0.18274 0.120437
v -0.247817 0.18274 0.121916
v -0.253195 0.18274 0.120459
v -0.257166 0.18274 0.116494
v -0.258592 0.18274 0.111115
v -0.251614 0.190327 0.104536
v -0.244021 0.190327 0.104536
v -0.240225 0.190327 0.111115
v -0.244021 0.190327 0.117716
v -0.251614 0.190327 0.117716
v -0.255433 0.190327 0.111115
v -0.247817 0.193498 0.111115
v -0.265812 0.169646 0.207296
v -0.247356 0.105632 -0.00257784
v -0.264956 0.105632 0.00536225
v -0.264979 0.105632 0.220541
v -0.264956 0.105632 0.244436
v -0.263047 0.105632 0.730421
v -0.261665 0.105632 0.789918
v -0.259822 0.105632 0.818335
v -0.252536 0.105632 0.838137
v -0.249332 0.105632 0.838137
v -0.240905 0.105632 0.817821
v -0.236318 0.105632 0.788761
v -0.232259 0.105632 0.728921
v -0.22923 0.105632 0.244414
v -0.22923 0.105632 0.220541
v -0.229252 0.105632 0.00536225
v -0.219157 0.118662 0.00538368
v -0.219157 0.118662 0.220519
v -0.219179 0.118662 0.244436
v -0.223744 0.118662 0.728921
v -0.229933 0.118662 0.788761
v -0.236954 0.118662 0.817821
v -0.249858 0.118662 0.838137
v -0.254774 0.118662 0.838137
v -0.265812 0.118662 0.818335
v -0.268665 0.118662 0.789918
v -0.270772 0.118662 0.730378
v -0.27369 0.118662 0.244436
v -0.27369 0.118662 0.220519
v -0.27369 0.118662 0.00538368
v -0.246785 0.118662 -0.00257784
v -0.232785 0.182397 -0.00651039
v -0.232764 0.182397 0.208646
v -0.232764 0.182397 0.232542
v -0.235462 0.182397 0.762101
v -0.239127 0.182397 0.83548
v -0.243231 0.182397 0.86454
v -0.250845 0.182397 0.893857
v -0.253698 0.182397 0.8939
v -0.260239 0.182397 0.865097
v -0.261906 0.182397 0.836637
v -0.263136 0.182397 0.763644
v -0.264869 0.182397 0.23252
v -0.264869 0.182397 0.208625
v -0.264846 0.182397 -0.00648896
v -0.249025 0.182397 -0.0144076
v -0.246785 0.17256 -0.0188652
v -0.273669 0.17256 -0.010968
v -0.27369 0.17256 0.204146
v -0.27369 0.17256 0.228041
v -0.270772 0.17256 0.759101
v -0.268644 0.17256 0.832094
v -0.265835 0.17256 0.860554
v -0.254752 0.17256 0.8894
v -0.249881 0.17256 0.8894
v -0.236977 0.17256 0.86004
v -0.229933 0.17256 0.83098
v -0.223744 0.17256 0.757601
v -0.219179 0.17256 0.228041
v -0.219157 0.17256 0.204146
v -0.219157 0.17256 -0.0110108
v -0.246785 0.118662 -0.00232067
v -0.27369 0.118662 0.00565157
v -0.27369 0.118662 0.220776
v -0.266932 0.118662 0.220798
v -0.266888 0.118662 0.244693
v -0.273713 0.118662 0.244693
v -0.270772 0.118662 0.730678
v -0.268665 0.118662 0.790175
v -0.265812 0.118662 0.818635
v -0.254774 0.118662 0.838395
v -0.249858 0.118662 0.838395
v -0.236954 0.118662 0.818121
v -0.229933 0.118662 0.789018
v -0.223766 0.118662 0.729135
v -0.219201 0.118662 0.244693
v -0.225982 0.118662 0.244693
v -0.225982 0.118662 0.220798
v -0.219157 0.118662 0.220798
v -0.219157 0.118662 0.00565157
v -0.00352199 -0.193263 -0.204391
v 0.0159425 -0.188569 -0.204734
v 0.016489 -0.188569 -0.232262
v -0.00297551 -0.193498 -0.231908
v -0.024569 -0.188762 -0.231887
v -0.0245476 -0.188762 -0.204391
v -0.024569 -0.173225 -0.204713
v -0.0245476 -0.173225 -0.232262
v -0.0034577 -0.176868 -0.23224
v 0.016489 -0.175154 -0.232262
v 0.0159425 -0.175154 -0.204734
v -0.00403097 -0.176632 -0.204713
v -0.00207541 -0.123805 -0.292214
v -0.00167894 -0.124384 -0.292236
v -0.00167894 -0.125113 -0.292236
v -0.00207541 -0.12567 -0.292214
v -0.00273441 -0.125863 -0.292236
v -0.00343627 -0.12567 -0.292236
v -0.00385417 -0.125113 -0.292214
v -0.00385417 -0.124384 -0.292214
v -0.00343627 -0.123805 -0.292236
v -0.00273441 -0.123591 -0.292236
v -0.00275584 -0.124727 -0.331557
v -0.00150214 -0.122541 -0.273291
v -0.000671699 -0.123677 -0.273291
v -0.000671699 -0.125113 -0.273291
v -0.00150214 -0.126249 -0.273291
v -0.00284156 -0.126677 -0.273291
v -0.00418099 -0.126249 -0.273291
v -0.00503821 -0.125113 -0.273291
v -0.00503821 -0.123677 -0.273291
v -0.00418099 -0.122541 -0.273291
v -0.00284156 -0.12207 -0.273291
v -0.00148071 -0.122541 -0.28451
v -0.000650268 -0.123677 -0.284532
v -0.000650268 -0.125113 -0.284532
v -0.00148071 -0.126249 -0.28451
v -0.00284156 -0.126677 -0.28451
v -0.00420242 -0.126249 -0.28451
v -0.00499535 -0.125113 -0.284532
v -0.00499535 -0.123677 -0.284532
v -0.00420242 -0.122541 -0.28451
v -0.00284156 -0.12207 -0.28451
v -0.000848503 -0.127342 -0.236709
v 0.0624419 -0.143179 -0.210006
v 0.0166658 -0.188526 -0.210703
v 0.0370946 -0.179718 -0.210617
v 0.0518444 -0.163817 -0.210756
v 0.017523 -0.0591703 -0.20992
v 0.0360231 -0.068707 -0.209899
v 0.0509014 -0.0835371 -0.209878
v 0.0605131 -0.102353 -0.209942
v 0.0637813 -0.12312 -0.209899
v -0.0702594 -0.123291 -0.209899
v -0.0669671 -0.102482 -0.20992
v -0.0574009 -0.0836871 -0.209899
v -0.0424771 -0.0688141 -0.209878
v -0.0237788 -0.0592132 -0.20992
v -0.00284156 -0.0559986 -0.209899
v -0.058234 -0.163838 -0.210756
v -0.0433772 -0.179718 -0.210638
v -0.0230126 -0.188526 -0.210703
v -0.00315231 -0.193391 -0.209588
v -0.0688557 -0.1429 -0.210006
v -0.0688985 -0.1429 0.047538
v -0.00317374 -0.193391 0.0479773
v -0.0230126 -0.188526 0.0469272
v -0.0433986 -0.179675 0.0469915
v -0.0582555 -0.163838 0.0468629
v -0.00286299 -0.0559986 0.0476773
v -0.0237788 -0.0591703 0.0476558
v -0.0424771 -0.0688141 0.0477201
v -0.0574438 -0.0836871 0.0477416
v -0.0669671 -0.10246 0.0476773
v -0.0702594 -0.123291 0.0476558
v 0.0637813 -0.12312 0.0476558
v 0.0604917 -0.102353 0.0476558
v 0.0509014 -0.0835371 0.0477201
v 0.0360017 -0.068707 0.0477416
v 0.0175016 -0.0591703 0.0476558
v 0.0518229 -0.163838 0.0468415
v 0.0370732 -0.179675 0.0469701
v 0.0166443 -0.188526 0.0469058
v 0.0624419 -0.143179 0.0475808
v 0.013419 -0.123334 0.425097
v 0.0286456 -0.123291 0.414103
v 0.0422755 -0.123334 0.403131
v 0.0506603 -0.123313 0.38725
v 0.0510782 -0.123313 0.368906
v 0.050371 -0.137564 0.368563
v 0.0500442 -0.137564 0.386286
v 0.0419005 -0.137564 0.401652
v 0.0287152 -0.137564 0.412303
v 0.0139869 -0.137564 0.422933
v -0.0575081 -0.123398 0.368777
v -0.0548534 -0.106575 0.348675
v -0.0470847 -0.0913379 0.348675
v -0.034971 -0.0792295 0.348654
v -0.0197417 -0.0714501 0.348632
v -0.00288978 -0.0687499 0.348632
v -0.0575751 -0.123334 0.369913
v -0.0549203 -0.106489 0.369891
v -0.0471945 -0.0913164 0.369956
v -0.0350594 -0.0791866 0.369956
v -0.01994 -0.0714073 0.369891
v -0.00295407 -0.0688141 0.369934
v -0.0478535 -0.15623 0.294777
v -0.0358496 -0.167653 0.273067
v -0.0193238 -0.177661 0.259973
v -0.0032166 -0.180211 0.260916
v -0.00284156 -0.0696071 0.420961
v -0.0193694 -0.0722645 0.420939
v -0.0343147 -0.0798296 0.409153
v -0.0461417 -0.0917022 0.394408
v -0.0536907 -0.106532 0.382043
v -0.0536023 -0.123055 0.385664
v -0.0512771 -0.107475 0.385729
v -0.0439692 -0.0933095 0.385729
v -0.0327556 -0.0820583 0.385707
v -0.0186889 -0.0749219 0.385707
v -0.00299694 -0.0724574 0.385707
v -0.0455283 -0.123055 0.401523
v -0.0434201 -0.11009 0.401523
v -0.0374301 -0.0981528 0.401523
v -0.0279497 -0.0887876 0.401545
v -0.0161441 -0.0827227 0.401523
v -0.00299694 -0.0806225 0.401545
v -0.0329967 -0.113369 0.410738
v -0.0285203 -0.104582 0.410824
v -0.0215419 -0.0975742 0.410781
v -0.0127211 -0.0930952 0.410781
v -0.00299694 -0.0914879 0.410803
v -0.0194122 -0.12312 0.420704
v -0.0187318 -0.118083 0.420704
v -0.0162968 -0.113476 0.420725
v -0.0127211 -0.109768 0.420725
v -0.00810817 -0.107475 0.420725
v -0.0030398 -0.106639 0.420704
v -0.00295407 -0.122905 0.424818
v 0.000142669 0.0919594 -0.0844755
v -0.124881 0.0919165 -0.104299
v -0.237569 0.0918522 -0.161744
v -0.327083 0.0918736 -0.251325
v -0.384647 0.0918736 -0.364057
v -0.404352 0.0918736 -0.489211
v -0.384647 0.0919379 -0.614319
v -0.327104 0.0919379 -0.727074
v -0.237679 0.0919165 -0.816632
v -0.124859 0.0919808 -0.87413
v 0.000142669 0.0919594 -0.8939
v 0.124655 0.0920236 -0.874152
v 0.23746 0.0920665 -0.816654
v 0.327169 0.0921522 -0.727118
v 0.384572 0.0920665 -0.614254
v 0.404352 0.0920665 -0.489189
v 0.384572 0.0920022 -0.364079
v 0.327126 0.0921094 -0.251325
v 0.237482 0.0920236 -0.161723
v 0.124634 0.0919808 -0.104299
v 5.15887e-05 0.0993958 -0.0866293
v -0.124069 0.099353 -0.106378
v -0.236384 0.099353 -0.163544
v -0.325304 0.0994601 -0.252621
v -0.382605 0.0993744 -0.364829
v -0.402311 0.0994173 -0.489232
v -0.382605 0.0993958 -0.613617
v -0.325328 0.0994816 -0.725867
v -0.236493 0.0993744 -0.814899
v -0.124069 0.0993958 -0.872089
v 7.30194e-05 0.0994601 -0.891838
v 0.124066 0.0995458 -0.872089
v 0.236185 0.0995244 -0.814899
v 0.325283 0.0996101 -0.725844
v 0.38245 0.0995244 -0.613573
v 0.402177 0.0995458 -0.489189
v 0.382471 0.0995244 -0.364807
v 0.325283 0.0995458 -0.252578
v 0.236206 0.099503 -0.163544
v 0.124045 0.099503 -0.106378
v 3.01579e-05 0.0993958 -0.13278
v -0.109937 0.0993744 -0.150246
v -0.209194 0.0994387 -0.200898
v -0.287998 0.0994387 -0.279656
v -0.338714 0.0994173 -0.379069
v -0.356183 0.0994387 -0.489211
v -0.338693 0.099503 -0.599353
v -0.288041 0.0994816 -0.698721
v -0.209282 0.0994387 -0.777548
v -0.110002 0.0993958 -0.828197
v 5.15887e-05 0.0994387 -0.845686
v 0.109713 0.0994816 -0.828197
v 0.209107 0.099503 -0.777569
v 0.287972 0.0995458 -0.698721
v 0.338624 0.0996101 -0.599287
v 0.35609 0.0996101 -0.489189
v 0.338624 0.0995887 -0.379048
v 0.287951 0.099503 -0.279677
v 0.209107 0.0995244 -0.200877
v 0.109734 0.0994601 -0.150246
v 0.000185531 0.0921951 -0.13772
v -0.1084 0.0921737 -0.154993
v -0.206363 0.0921308 -0.204916
v -0.284071 0.0921951 -0.282667
v -0.333951 0.0921737 -0.380564
v -0.351179 0.0921308 -0.489211
v -0.333951 0.0922165 -0.597795
v -0.284136 0.092238 -0.695757
v -0.206363 0.0921737 -0.773511
v -0.1084 0.0922165 -0.823479
v 0.0001641 0.092238 -0.840682
v 0.108266 0.0923022 -0.823455
v 0.206182 0.0923237 -0.773532
v 0.283954 0.0923237 -0.695757
v 0.333834 0.0923022 -0.597772
v 0.351086 0.0922808 -0.489189
v 0.333866 0.0922808 -0.380537
v 0.283976 0.0923237 -0.282646
v 0.206203 0.0922808 -0.204916
v 0.108266 0.0923022 -0.155015
v 7.30194e-05 0.0928166 -0.311214
v -0.0548319 0.0929023 -0.319904
v -0.104362 0.0928809 -0.345187
v -0.143732 0.0928166 -0.38462
v -0.169013 0.0928166 -0.434195
v -0.177747 0.0927737 -0.489168
v -0.168991 0.092838 -0.54414
v -0.14371 0.0928594 -0.59378
v -0.104385 0.0929237 -0.633126
v -0.0547891 0.0928809 -0.658385
v 5.15887e-05 0.0928594 -0.667119
v 0.0548715 0.0928809 -0.658429
v 0.104248 0.0928809 -0.633126
v 0.143595 0.0930309 -0.593735
v 0.16886 0.092988 -0.54414
v 0.177475 0.0929237 -0.489189
v 0.16886 0.0929666 -0.434195
v 0.143552 0.092988 -0.384598
v 0.104269 0.0928594 -0.345252
v 0.0549143 0.092838 -0.319904
v 0.000142669 0.107154 -0.397698
v -0.028081 0.107132 -0.402198
v -0.0535166 0.107111 -0.415191
v -0.0738142 0.107239 -0.435336
v -0.0867852 0.107154 -0.460903
v -0.0913044 0.107068 -0.489189
v -0.0867852 0.107197 -0.517475
v -0.0738142 0.107282 -0.542954
v -0.053538 0.107218 -0.563187
v -0.0281238 0.107154 -0.57618
v 0.000142669 0.107154 -0.580677
v 0.0282062 0.107239 -0.57618
v 0.0536231 0.107218 -0.563165
v 0.0738109 0.107282 -0.542954
v 0.0867818 0.107304 -0.517454
v 0.0911269 0.107218 -0.489189
v 0.0867604 0.107304 -0.460881
v 0.0738109 0.107239 -0.435336
v 0.0536231 0.107111 -0.415212
v 0.0282062 0.107154 -0.402156
v -7.69749e-05 0.142879 -0.457784
v 0.0203733 0.140843 -0.459499
v 0.0154389 0.1372 -0.440426
v 0.00791132 0.134949 -0.428751
v -0.000146646 0.134178 -0.424958
v -0.00824211 0.134949 -0.42873
v -0.0156377 0.137243 -0.440452
v -0.0206847 0.140779 -0.459456
v -0.0201811 0.144486 -0.481311
v -0.0125229 0.147144 -0.498801
v -1.27036e-05 0.148151 -0.505386
v 0.0124064 0.147144 -0.498889
v 0.0200251 0.144615 -0.481509
v 0.0361946 0.134628 -0.46244
v 0.0249166 0.130063 -0.431232
v 0.0121653 0.127427 -0.414623
v -0.000210938 0.126634 -0.409839
v -0.0125872 0.127384 -0.41451
v -0.0252066 0.129999 -0.430991
v -0.0363533 0.134542 -0.462263
v -0.0378909 0.139193 -0.501062
v -0.0242181 0.142086 -0.531786
v 8.72717e-06 0.143029 -0.54324
v 0.0239522 0.14215 -0.53196
v 0.0377965 0.139193 -0.501303
v 0.0430202 0.124727 -0.46356
v 0.0286724 0.12162 -0.427262
v 0.013703 0.120205 -0.40933
v -0.000146646 0.119776 -0.404481
v -0.0140766 0.120269 -0.409351
v -0.0288927 0.121727 -0.427128
v -0.0431789 0.12462 -0.463185
v -0.0462516 0.12762 -0.50949
v -0.0295945 0.129399 -0.545721
v 3.01579e-05 0.129935 -0.559107
v 0.0295028 0.129377 -0.545938
v 0.0459616 0.127642 -0.509685
v 0.0454151 0.107968 -0.46378
v 0.0296796 0.108911 -0.426362
v 0.0142495 0.10934 -0.40821
v -0.000168077 0.109575 -0.403211
v -0.0145635 0.109468 -0.408124
v -0.0299696 0.108911 -0.426228
v -0.0454399 0.107861 -0.46371
v -0.0489947 0.107047 -0.512077
v -0.0314831 0.106597 -0.550197
v 7.30194e-05 0.106425 -0.564264
v 0.0313244 0.106597 -0.550328
v 0.0487476 0.107111 -0.512342
v -0.00205398 0.107925 -0.489146
v -0.0943556 0.107882 -0.489146
v -0.0821106 0.107925 -0.442997
v -0.0482259 0.107861 -0.409137
v -0.00203255 0.107904 -0.396803
v 0.0439418 0.107925 -0.40911
v 0.0777166 0.107925 -0.442976
v 0.0900072 0.108011 -0.489168
v 0.0776952 0.107925 -0.53534
v 0.0439203 0.10799 -0.569113
v -0.00203255 0.107947 -0.581533
v -0.0482473 0.107968 -0.569157
v -0.0820892 0.107947 -0.535295
v 7.30194e-05 0.011294 -0.489146
v 5.15887e-05 0.026917 -0.439702
v -0.0150886 0.0269813 -0.44214
v -0.0289596 0.0268742 -0.449143
v -0.0398009 0.0269813 -0.460067
v -0.046865 0.0269599 -0.473874
v -0.0492787 0.0268742 -0.489146
v -0.0468892 0.0269599 -0.50444
v -0.0398224 0.0269813 -0.518265
v -0.0288713 0.0269599 -0.529174
v -0.0151127 0.0270027 -0.53624
v 5.15887e-05 0.0269599 -0.538654
v 0.0152406 0.0269813 -0.536173
v 0.0289349 0.0269813 -0.529174
v 0.039886 0.0269599 -0.518223
v 0.0468831 0.0269599 -0.50444
v 0.0493209 0.0269813 -0.489122
v 0.0468831 0.0269599 -0.473874
v 0.039886 0.0269599 -0.460088
v 0.0289349 0.0269813 -0.449143
v 0.0152406 0.0269813 -0.44214
v 7.30194e-05 0.052441 -0.399278
v -0.0275533 0.052441 -0.403672
v -0.0525924 0.0523339 -0.416466
v -0.0724105 0.0523768 -0.436413
v -0.0851832 0.0523768 -0.461363
v -0.089614 0.0523553 -0.489122
v -0.0851832 0.0524196 -0.51695
v -0.0724105 0.052441 -0.541989
v -0.052638 0.0523339 -0.561872
v -0.0275318 0.052441 -0.574643
v 9.98079e-05 0.0525268 -0.579054
v 0.0276812 0.052441 -0.574621
v 0.0525676 0.0524625 -0.561872
v 0.0724286 0.0524625 -0.541922
v 0.0851585 0.0525053 -0.51695
v 0.0895035 0.0524625 -0.489146
v 0.0851585 0.052441 -0.461385
v 0.0724286 0.0524196 -0.43637
v 0.0525891 0.0524196 -0.416466
v 0.0277026 0.0524196 -0.403736
v 5.15887e-05 0.0777508 -0.314943
v -0.0536238 0.0778151 -0.323462
v -0.10219 0.0778151 -0.34815
v -0.140792 0.0778365 -0.386795
v -0.165545 0.0778151 -0.435293
v -0.174016 0.0778365 -0.489189
v -0.165523 0.0778365 -0.543021
v -0.140792 0.0779436 -0.591607
v -0.10219 0.0778365 -0.630164
v -0.0536238 0.0778579 -0.654874
v 3.01579e-05 0.0778365 -0.663432
v 0.0537088 0.0779436 -0.654918
v 0.102057 0.0779865 -0.630142
v 0.140525 0.0779436 -0.591607
v 0.165281 0.0779436 -0.542999
v 0.173907 0.0779651 -0.489122
v 0.16526 0.0779008 -0.435357
v 0.140546 0.0779436 -0.386795
v 0.102057 0.0779436 -0.34815
v 0.053666 0.0778794 -0.323419
v 7.30194e-05 0.078758 -0.140881
v -0.107456 0.0788009 -0.157908
v -0.20452 0.0786723 -0.20737
v -0.281524 0.0787152 -0.284489
v -0.330879 0.0787794 -0.381571
v -0.347997 0.078758 -0.489146
v -0.3309 0.0788009 -0.59683
v -0.281524 0.0787794 -0.693914
v -0.204498 0.0787794 -0.770985
v -0.107479 0.0788866 -0.820471
v 7.30194e-05 0.078758 -0.8375
v 0.107296 0.0789509 -0.820471
v 0.204317 0.0789509 -0.770985
v 0.281415 0.0790152 -0.69387
v 0.330877 0.0789509 -0.596785
v 0.347946 0.0789295 -0.489189
v 0.330898 0.0789938 -0.38155
v 0.281457 0.0789938 -0.284446
v 0.204339 0.0788437 -0.207392
v 0.107275 0.0788866 -0.157951
v 5.15887e-05 0.0723931 -0.133552
v -0.109696 0.0724145 -0.150997
v -0.208821 0.0724145 -0.201445
v -0.287449 0.0723931 -0.280138
v -0.337946 0.0724145 -0.379268
v -0.355393 0.0724145 -0.489168
v -0.337967 0.0724574 -0.599068
v -0.287495 0.0724788 -0.698237
v -0.208777 0.0724145 -0.77691
v -0.109717 0.0725002 -0.827474
v 5.15887e-05 0.0724145 -0.844899
v 0.10945 0.0725431 -0.827474
v 0.208646 0.0726288 -0.776889
v 0.287362 0.0725645 -0.698237
v 0.337874 0.072586 -0.599068
v 0.355254 0.072586 -0.489168
v 0.337874 0.0725431 -0.379225
v 0.287362 0.0725217 -0.280138
v 0.208689 0.0725431 -0.201487
v 0.10945 0.0725431 -0.150997
v 5.15887e-05 0.0724574 -0.0932406
v -0.12216 0.0723931 -0.112635
v -0.232412 0.0724145 -0.168859
v -0.319885 0.0724788 -0.256468
v -0.376197 0.0724788 -0.3668
v -0.395748 0.0723716 -0.489189
v -0.376219 0.0725217 -0.611533
v -0.319973 0.0724788 -0.72196
v -0.232544 0.0725002 -0.809566
v -0.122182 0.0724788 -0.865853
v 5.15887e-05 0.0724145 -0.885232
v 0.121939 0.0725431 -0.865831
v 0.23237 0.0726502 -0.809566
v 0.319969 0.0726288 -0.721982
v 0.376235 0.0725431 -0.611533
v 0.395705 0.0725645 -0.489168
v 0.376214 0.0724788 -0.3668
v 0.31999 0.072586 -0.256468
v 0.232413 0.072586 -0.16888
v 0.121939 0.0725002 -0.112635
v 8.72717e-06 0.0774293 -0.0894795
v -0.123344 0.0774079 -0.109014
v -0.23465 0.0774079 -0.165869
v -0.323022 0.0774507 -0.254293
v -0.379862 0.0774507 -0.36568
v -0.399391 0.0774722 -0.489211
v -0.379862 0.0774936 -0.612674
v -0.323067 0.077515 -0.724111
v -0.23476 0.0774722 -0.81255
v -0.123236 0.0774722 -0.869367
v 5.15887e-05 0.0774722 -0.888918
v 0.123166 0.0775579 -0.869346
v 0.234535 0.0775579 -0.812571
v 0.32298 0.0776008 -0.724134
v 0.379814 0.0775365 -0.612696
v 0.399369 0.0775579 -0.489211
v 0.379814 0.0775365 -0.36568
v 0.323001 0.0775579 -0.254293
v 0.234556 0.0774936 -0.165827
v 0.123187 0.0775365 -0.109078
v 0.0155032 0.113069 -0.280138
v 0.0154603 0.0740004 -0.30448
v 0.0153264 -0.0600061 -0.164069
v 0.0153049 -0.0601133 0.0347224
v 0.0154603 0.113047 -0.130059
v -0.0179871 0.113026 -0.130037
v -0.017963 -0.0599847 0.0347438
v -0.0179201 -0.0600061 -0.164048
v -0.0179416 0.073979 -0.30448
v -0.0179871 0.113069 -0.28016
v 0.0351873 -0.0473405 -0.20707
v 0.0352087 -0.0512838 -0.124133
v 0.0351873 -0.0472977 0.0499303
v 0.0352998 -0.0197377 0.0195173
v 0.0353213 -0.0196949 -0.0143219
v 0.0352516 -0.0118083 -0.127583
v 0.0353213 -0.0158588 -0.212138
v -0.0366613 -0.0157945 -0.21216
v -0.0365729 -0.0118083 -0.127583
v -0.0367042 -0.0197806 -0.0143005
v -0.0367042 -0.019802 0.0195173
v -0.0366613 -0.0474263 0.0499303
v -0.0366828 -0.0512838 -0.124133
v -0.0366613 -0.0474263 -0.20707
v -0.0564553 -0.139278 0.369441
v -0.0345772 -0.123077 0.410781
v -0.056324 -0.137264 0.368563
v 0.0508318 -0.137393 0.368563
v 0.0280776 -0.123013 0.410781
v 0.0500227 -0.139471 0.369506
v 0.0018732 -0.10739 0.420725
v 0.00635223 -0.109768 0.420704
v 0.00986152 -0.113433 0.420704
v 0.0121868 -0.117891 0.420725
v 0.0129797 -0.12297 0.420747
v 0.00648081 -0.0930952 0.410824
v 0.0151978 -0.0975742 0.410781
v 0.0221092 -0.104475 0.410803
v 0.0265614 -0.113283 0.410803
v 0.00977579 -0.0827441 0.401523
v 0.0215573 -0.0886376 0.401523
v 0.0308851 -0.0980886 0.401523
v 0.0369232 -0.109875 0.40148
v 0.0389163 -0.123013 0.401502
v 0.012385 -0.0749219 0.385707
v 0.0263203 -0.0820583 0.385729
v 0.0375125 -0.0932881 0.385707
v 0.0446651 -0.107368 0.385729
v 0.0471671 -0.12312 0.385664
v 0.0472153 -0.106425 0.382
v 0.0395967 -0.0915522 0.39443
v 0.0278366 -0.0798296 0.409153
v 0.0131351 -0.0722002 0.420939
v 0.0128886 -0.177661 0.259995
v 0.0294599 -0.167653 0.273089
v 0.0414183 -0.15623 0.294777
v 0.0135958 -0.0713644 0.369891
v 0.0285813 -0.0790795 0.369934
v 0.0406736 -0.091145 0.369934
v 0.0484422 -0.106382 0.369891
v 0.0511211 -0.123205 0.369891
v 0.0135047 -0.0714073 0.348632
v 0.0284741 -0.0790795 0.348675
v 0.0405664 -0.091295 0.348632
v 0.0483565 -0.106468 0.348654
v 0.05103 -0.123355 0.368777
v -0.00332375 -0.137564 0.426469
v -0.020599 -0.137564 0.422933
v -0.035346 -0.137564 0.412281
v -0.048534 -0.137564 0.401673
v -0.0566535 -0.137564 0.386286
v -0.0570045 -0.137564 0.368563
v -0.0574224 -0.123313 0.368906
v -0.0572911 -0.123313 0.38725
v -0.0488849 -0.123334 0.403109
v -0.0353005 -0.123291 0.414103
v -0.0200498 -0.123334 0.425097
v -0.00220936 -0.123313 0.428762
v -0.00332375 -0.137564 0.36852
v 0.0289349 -0.168296 -0.226947
v 0.0289349 -0.168317 -0.222993
v -0.0606263 -0.142364 -0.217775
v -0.0520888 -0.159145 -0.217775
v -0.0387455 -0.172475 -0.217775
v -0.0219813 -0.181004 -0.21771
v -0.0033934 -0.18394 -0.217775
v 0.015171 -0.181004 -0.217775
v 0.0452812 -0.159145 -0.21771
v 0.0538213 -0.142364 -0.217753
v 0.0567788 -0.123827 -0.217775
v 0.0538213 -0.105268 -0.217753
v 0.0452812 -0.0884447 -0.21771
v 0.0319405 -0.0751362 -0.217753
v 0.015171 -0.0666068 -0.217775
v -0.0033934 -0.0636493 -0.217775
v -0.0219813 -0.0666068 -0.21771
v -0.0387455 -0.0751362 -0.217775
v -0.0520888 -0.0884447 -0.217775
v -0.0606263 -0.105268 -0.217775
v -0.0635891 -0.123827 -0.217753
v -0.0644436 -0.141422 -0.216832
v -0.00323803 -0.188505 -0.216414
v -0.021716 -0.18394 -0.217485
v -0.0407224 -0.175754 -0.217464
v -0.054548 -0.160945 -0.217582
v -0.00293264 -0.0605419 -0.216725
v -0.022442 -0.0634779 -0.216725
v -0.0398438 -0.0724145 -0.216703
v -0.0537336 -0.0863445 -0.216725
v -0.0626675 -0.103832 -0.216725
v -0.0657161 -0.123141 -0.216682
v 0.0591308 -0.123034 -0.216725
v 0.0560555 -0.103703 -0.216767
v 0.0471028 -0.0861731 -0.216703
v 0.0332318 -0.0723502 -0.21665
v 0.0160068 -0.0634565 -0.216746
v 0.0479815 -0.160924 -0.217582
v 0.0342229 -0.175754 -0.217443
v 0.0151978 -0.18394 -0.217507
v 0.05792 -0.141679 -0.21681
v 0.00233396 -0.108418 -0.274213
v 0.00698979 -0.110818 -0.274213
v 0.0107187 -0.114547 -0.274213
v 0.0131083 -0.119198 -0.274191
v 0.0139441 -0.124384 -0.274191
v 0.0131083 -0.129549 -0.274191
v 0.0107187 -0.134242 -0.274213
v 0.00698979 -0.137971 -0.274213
v 0.00233396 -0.140329 -0.274213
v -0.00284156 -0.141143 -0.274213
v -0.00802245 -0.140329 -0.274213
v -0.0126944 -0.137971 -0.274213
v -0.016428 -0.134242 -0.274213
v -0.0188202 -0.129549 -0.274213
v -0.0196105 -0.124384 -0.274213
v -0.0188202 -0.119198 -0.274213
v -0.016428 -0.114547 -0.274213
v -0.0126944 -0.110818 -0.274213
v -0.00802245 -0.108418 -0.274213
v -0.00284156 -0.107582 -0.274213
v 0.00663619 -0.0951311 -0.279002
v 0.0152192 -0.099503 -0.279002
v 0.0220449 -0.106297 -0.279002
v 0.0264114 -0.114869 -0.279002
v 0.0279437 -0.124384 -0.279002
v 0.0264114 -0.133878 -0.279002
v 0.0220449 -0.142472 -0.279002
v 0.0152192 -0.149265 -0.279002
v 0.00663619 -0.153658 -0.279002
v -0.00282011 -0.155137 -0.278981
v -0.0123247 -0.153658 -0.279002
v -0.0209258 -0.149265 -0.279002
v -0.0277301 -0.142472 -0.278981
v -0.032118 -0.133878 -0.279002
v -0.0335887 -0.124384 -0.279002
v -0.032118 -0.114869 -0.279002
v -0.0277301 -0.106297 -0.278981
v -0.0209258 -0.099503 -0.279002
v -0.0123247 -0.0951311 -0.279002
v -0.00282011 -0.0935881 -0.278981
v 0.00966328 -0.0858302 -0.28556
v 0.0209894 -0.0915522 -0.28556
v 0.029985 -0.100553 -0.285539
v 0.0357124 -0.111847 -0.28556
v 0.0377322 -0.124384 -0.28556
v 0.0357124 -0.1369 -0.28556
v 0.029985 -0.148237 -0.285539
v 0.0209894 -0.157216 -0.28556
v 0.00966328 -0.162959 -0.28556
v -0.00284156 -0.164931 -0.28556
v -0.0153752 -0.162959 -0.285517
v -0.0266987 -0.157216 -0.285539
v -0.0356728 -0.148237 -0.28556
v -0.0414243 -0.1369 -0.28556
v -0.0433558 -0.124384 -0.28556
v -0.0414243 -0.111847 -0.28556
v -0.0356728 -0.100553 -0.28556
v -0.0266987 -0.0915522 -0.285539
v -0.0153752 -0.0858302 -0.285517
v -0.00284156 -0.0837942 -0.28556
v 0.011442 -0.0804725 -0.293329
v 0.0243005 -0.0870303 -0.293329
v 0.0345283 -0.0972313 -0.293329
v 0.0410486 -0.110111 -0.293329
v 0.043331 -0.124384 -0.293329
v 0.0410486 -0.138636 -0.293329
v 0.0345283 -0.151515 -0.293329
v 0.0243005 -0.161759 -0.293329
v 0.011442 -0.168296 -0.293329
v -0.00284156 -0.170546 -0.293307
v -0.0171299 -0.168296 -0.293329
v -0.0299696 -0.161759 -0.293329
v -0.0401947 -0.151515 -0.293329
v -0.0467338 -0.138636 -0.293329
v -0.0489947 -0.124384 -0.293329
v -0.0467338 -0.110111 -0.293329
v -0.0401947 -0.0972313 -0.293329
v -0.0299696 -0.0870303 -0.293329
v -0.0171299 -0.0804725 -0.293329
v -0.00284156 -0.0781794 -0.293307
v 0.0118599 -0.0791223 -0.296908
v 0.0250934 -0.0858945 -0.296929
v 0.0356695 -0.0964384 -0.296929
v 0.0424095 -0.109683 -0.296929
v 0.0447561 -0.124384 -0.296908
v 0.0424095 -0.139086 -0.296929
v 0.0356695 -0.15233 -0.296929
v 0.0250934 -0.162874 -0.296929
v 0.0118599 -0.169624 -0.296908
v -0.00284156 -0.171939 -0.296929
v -0.0175478 -0.169624 -0.296929
v -0.0308027 -0.162874 -0.296929
v -0.0413359 -0.15233 -0.296929
v -0.0480946 -0.139086 -0.296908
v -0.050377 -0.124384 -0.296929
v -0.0480946 -0.109683 -0.296908
v -0.0413359 -0.0964384 -0.296929
v -0.0308027 -0.0858945 -0.296929
v -0.0175478 -0.0791223 -0.296929
v -0.00284156 -0.0768078 -0.296929
v 0.0109813 -0.0817797 -0.297519
v 0.02347 -0.0881447 -0.297497
v 0.0333871 -0.0980671 -0.297519
v 0.0397521 -0.11054 -0.297497
v 0.0419701 -0.124384 -0.297519
v 0.0397521 -0.138228 -0.297497
v 0.0333871 -0.150701 -0.297519
v 0.02347 -0.160602 -0.297497
v 0.0109813 -0.166967 -0.297519
v -0.0027987 -0.169153 -0.297497
v -0.0166905 -0.166967 -0.297519
v -0.0291552 -0.160602 -0.297497
v -0.0390964 -0.150701 -0.297519
v -0.0454399 -0.138228 -0.297519
v -0.047591 -0.124384 -0.297497
v -0.0454399 -0.11054 -0.297519
v -0.0390964 -0.0980671 -0.297519
v -0.0291552 -0.0881447 -0.297497
v -0.0166905 -0.0817797 -0.297519
v -0.0027987 -0.0795938 -0.297497
v 0.00797561 -0.0910807 -0.28616
v 0.0177212 -0.0960955 -0.28616
v 0.0254631 -0.103811 -0.28616
v 0.0304458 -0.113583 -0.286107
v 0.0321816 -0.124384 -0.286128
v 0.0304458 -0.135207 -0.286107
v 0.0254631 -0.144958 -0.28616
v 0.0177212 -0.152694 -0.28616
v 0.00797561 -0.157666 -0.28616
v -0.00282011 -0.159359 -0.28616
v -0.0136641 -0.157666 -0.28616
v -0.0234278 -0.152694 -0.286128
v -0.0311536 -0.144958 -0.28616
v -0.0361336 -0.135207 -0.28616
v -0.0378025 -0.124384 -0.286128
v -0.0361336 -0.113583 -0.28616
v -0.0311536 -0.103811 -0.28616
v -0.0234278 -0.0960955 -0.286128
v -0.0136641 -0.0910807 -0.28616
v -0.00282011 -0.0893662 -0.28616
v 0.00536642 -0.0990958 -0.282581
v 0.0128243 -0.102868 -0.282581
v 0.0187071 -0.108761 -0.282581
v 0.0224574 -0.116176 -0.282581
v 0.023754 -0.124384 -0.282581
v 0.0224574 -0.132592 -0.282581
v 0.0187071 -0.140029 -0.282581
v 0.0128243 -0.145879 -0.282581
v 0.00536642 -0.149672 -0.282581
v -0.00282011 -0.150958 -0.28256
v -0.0110495 -0.149672 -0.282581
v -0.0184907 -0.145879 -0.28256
v -0.0243735 -0.140029 -0.282581
v -0.0281238 -0.132592 -0.282581
v -0.0294418 -0.124384 -0.282581
v -0.0281238 -0.116176 -0.282581
v -0.0243735 -0.108761 -0.282581
v -0.0184907 -0.102868 -0.28256
v -0.0110495 -0.0990958 -0.282581
v -0.00282011 -0.0977885 -0.28256
v 0.00233396 -0.108418 -0.278981
v 0.00701123 -0.110818 -0.279002
v 0.0107402 -0.114547 -0.279002
v 0.0131083 -0.119198 -0.27896
v 0.0139441 -0.124384 -0.279002
v 0.0131083 -0.129549 -0.27896
v 0.0107402 -0.134242 -0.279002
v 0.00701123 -0.137971 -0.279002
v 0.00233396 -0.140329 -0.278981
v -0.00282011 -0.141143 -0.278981
v -0.00802245 -0.140329 -0.278981
v -0.0126944 -0.137971 -0.279002
v -0.016428 -0.134242 -0.279002
v -0.0188202 -0.129549 -0.278981
v -0.019589 -0.124384 -0.278981
v -0.0188202 -0.119198 -0.278981
v -0.016428 -0.114547 -0.279002
v -0.0126944 -0.110818 -0.279002
v -0.00802245 -0.108418 -0.278981
v -0.00282011 -0.107582 -0.278981
v -0.00069313 -0.117719 -0.277224
v 0.00126243 -0.118726 -0.277224
v 0.00281616 -0.120269 -0.277224
v 0.00382876 -0.12222 -0.277224
v 0.00415558 -0.124384 -0.277202
v 0.00382876 -0.126527 -0.277224
v 0.00281616 -0.128477 -0.277224
v 0.00126243 -0.130042 -0.277224
v -0.00069313 -0.131028 -0.277224
v -0.00282011 -0.131349 -0.277224
v -0.00499535 -0.131028 -0.277224
v -0.00692412 -0.130042 -0.277202
v -0.00848321 -0.128477 -0.277224
v -0.00951724 -0.126527 -0.277224
v -0.00982263 -0.124384 -0.277224
v -0.00951724 -0.12222 -0.277224
v -0.00848321 -0.120269 -0.277224
v -0.00692412 -0.118726 -0.277202
v -0.00499535 -0.117719 -0.277224
v -0.00282011 -0.117376 -0.277224
v -0.00198969 -0.121727 -0.27957
v -0.00121818 -0.122112 -0.27957
v -0.000580619 -0.122755 -0.279592
v -0.000168077 -0.123527 -0.27957
v -3.41343e-05 -0.124384 -0.279592
v -0.000168077 -0.125241 -0.27957
v -0.000580619 -0.126034 -0.279592
v -0.00121818 -0.126634 -0.27957
v -0.00198969 -0.127042 -0.27957
v -0.00284156 -0.12717 -0.279592
v -0.00369879 -0.127042 -0.27957
v -0.00446494 -0.126634 -0.27957
v -0.00510251 -0.126034 -0.279592
v -0.00549898 -0.125241 -0.27957
v -0.00565435 -0.124384 -0.279592
v -0.00549898 -0.123527 -0.27957
v -0.00510251 -0.122755 -0.279592
v -0.00446494 -0.122112 -0.27957
v -0.00369879 -0.121727 -0.27957
v -0.00284156 -0.121577 -0.279592
v -0.00284156 -0.125756 -0.28376
v -0.00284156 -0.122991 -0.28436
v -0.00282011 -0.122991 -0.271823
v -0.00350056 -0.126784 -0.271909
v -0.00323803 -0.127342 -0.271909
v -0.00282011 -0.127749 -0.271909
v -0.00225222 -0.128006 -0.271909
v -0.00165751 -0.128113 -0.271887
v -0.00106819 -0.128006 -0.271909
v -0.000516326 -0.127749 -0.271909
v -0.000119857 -0.127342 -0.271887
v 0.000185531 -0.126784 -0.271909
v 0.000249823 -0.126184 -0.271866
v 0.000185531 -0.125563 -0.271866
v -0.000119857 -0.125048 -0.271887
v -0.000516326 -0.124598 -0.271866
v -0.00106819 -0.124384 -0.271909
v -0.00165751 -0.124277 -0.271845
v -0.00225222 -0.124384 -0.271909
v -0.00282011 -0.124598 -0.271866
v -0.00323803 -0.125048 -0.271909
v -0.00350056 -0.125563 -0.271866
v -0.00361307 -0.126184 -0.271866
v -0.0559517 -0.12402 -0.271909
v -0.0533398 -0.107818 -0.271845
v -0.0458578 -0.0931166 -0.271845
v -0.0342048 -0.0814797 -0.271845
v -0.0194792 -0.0739575 -0.271845
v -0.00323803 -0.0714287 -0.271845
v 0.0130011 -0.0739575 -0.271845
v 0.027724 -0.0814797 -0.271845
v 0.0393556 -0.0931166 -0.271845
v 0.0468617 -0.107818 -0.271845
v 0.049428 -0.12402 -0.271887
v 0.0468617 -0.1402 -0.271845
v 0.0393556 -0.154901 -0.271845
v 0.027724 -0.166581 -0.271845
v 0.0130011 -0.174061 -0.271866
v -0.00323803 -0.176632 -0.271866
v -0.0194792 -0.174061 -0.271866
v -0.0342048 -0.166581 -0.271845
v -0.0458578 -0.154901 -0.271845
v -0.0533398 -0.1402 -0.271845
v -0.0533398 -0.140243 -0.267087
v -0.0458578 -0.15488 -0.267087
v -0.0342048 -0.166581 -0.267087
v -0.0195007 -0.174061 -0.267108
v -0.00323803 -0.176632 -0.267087
v 0.0130011 -0.174061 -0.267108
v 0.027724 -0.166581 -0.267108
v 0.0393342 -0.15488 -0.267065
v 0.0468403 -0.140243 -0.267087
v 0.0494495 -0.124041 -0.267108
v 0.0468403 -0.107754 -0.267108
v 0.0393556 -0.0931166 -0.267023
v 0.0277026 -0.0815011 -0.267087
v 0.0130011 -0.0740004 -0.267087
v -0.0032166 -0.0714287 -0.267044
v -0.0194792 -0.0740004 -0.267087
v -0.0342048 -0.0815011 -0.267065
v -0.0458578 -0.0931166 -0.267044
v -0.0533398 -0.107754 -0.267108
v -0.0559517 -0.124041 -0.267108
v -0.0612611 -0.123805 -0.266798
v -0.0584323 -0.105954 -0.266798
v -0.0502029 -0.0898806 -0.266776
v -0.0373846 -0.0770864 -0.266776
v -0.0212767 -0.068857 -0.266776
v -0.0033934 -0.0660496 -0.266776
v 0.0144691 -0.068857 -0.266755
v 0.0305797 -0.0770864 -0.266776
v 0.0433953 -0.0898806 -0.266733
v 0.0516033 -0.105954 -0.266798
v 0.0544107 -0.123805 -0.266798
v 0.0516033 -0.141614 -0.266798
v 0.0433953 -0.157687 -0.266733
v 0.0305797 -0.170503 -0.266776
v 0.0144691 -0.178711 -0.266755
v -0.00337197 -0.181561 -0.266755
v -0.0212767 -0.178711 -0.266776
v -0.0373846 -0.170503 -0.266776
v -0.0502029 -0.157687 -0.266776
v -0.0584323 -0.141614 -0.266798
v -0.00403097 -0.0698857 -0.204713
v 0.0159425 -0.0713644 -0.204734
v 0.016489 -0.0713644 -0.232262
v -0.0034577 -0.0696499 -0.23224
v -0.0245476 -0.0732932 -0.232262
v -0.024569 -0.0732932 -0.204713
v -0.024569 -0.0598775 -0.204713
v -0.0245476 -0.0598775 -0.232262
v -0.0034577 -0.0562557 -0.23224
v 0.016489 -0.0579488 -0.232262
v 0.0159425 -0.0579488 -0.204734
v -0.00403097 -0.05647 -0.204713
v 0.063867 -0.123463 -0.204734
v 0.062399 -0.143436 -0.204734
v 0.0624419 -0.143993 -0.232262
v 0.0640867 -0.12402 -0.232262
v 0.0604702 -0.10291 -0.232262
v 0.0604488 -0.10291 -0.204691
v 0.0470599 -0.10291 -0.204734
v 0.0470385 -0.10291 -0.232262
v 0.0507032 -0.12402 -0.23224
v 0.0489887 -0.143993 -0.232262
v 0.0489887 -0.143436 -0.204734
v 0.0504406 -0.123463 -0.204734
v -0.0563455 -0.123463 -0.204734
v -0.0548989 -0.143436 -0.204713
v -0.0548989 -0.143993 -0.232262
v -0.0565866 -0.12402 -0.23224
v -0.052946 -0.10291 -0.232262
v -0.052946 -0.10291 -0.204734
v -0.0663536 -0.10291 -0.204734
v -0.0663536 -0.10291 -0.232262
v -0.0699754 -0.12402 -0.232262
v -0.0683065 -0.143993 -0.232262
v -0.0682851 -0.143436 -0.204734
v -0.0697102 -0.123463 -0.204691
v -0.0410734 -0.0687499 0.0852268
v -0.259645 0.0953883 0.236078
v -0.259624 0.0953883 0.344217
v -0.0410493 -0.0707643 0.124745
v -0.030275 -0.0640351 0.124724
v -0.237239 0.0951097 0.344217
v -0.237262 0.0951097 0.236078
v -0.030275 -0.0620206 0.0852482
v -0.26601 0.105504 0.166771
v -0.227431 0.105504 0.166749
v -0.233092 0.0918736 0.172771
v -0.24672 0.0862159 0.178815
v -0.26037 0.0918736 0.17275
v -0.26037 0.0918736 0.373063
v -0.24672 0.0862159 0.373063
v -0.233092 0.0918736 0.373042
v -0.227431 0.105504 0.373063
v -0.266032 0.105504 0.373042
v -0.266032 0.105504 0.60878
v -0.227431 0.105504 0.60878
v -0.233115 0.0918736 0.59005
v -0.26037 0.0918736 0.590071
v -0.219157 0.170825 -0.0192403
v -0.219157 0.170825 0.195874
v -0.226004 0.170825 0.195852
v -0.225982 0.170825 0.219769
v -0.219157 0.170825 0.219769
v -0.223744 0.170825 0.749344
v -0.229954 0.170825 0.822707
v -0.236954 0.170825 0.85181
v -0.249858 0.170825 0.881085
v -0.254752 0.170825 0.881085
v -0.265812 0.170825 0.852325
v -0.268644 0.170825 0.823865
v -0.270772 0.170825 0.750866
v -0.27369 0.170825 0.219748
v -0.26691 0.170825 0.219748
v -0.26691 0.170825 0.195874
v -0.27369 0.170825 0.195874
v -0.27369 0.170825 -0.019176
v -0.246785 0.170825 -0.0271161
f 29 30 31
f 29 33 31
f 32 31 33
f 20 23 22
f 20 21 22
f 26 27 28
f 26 21 28
f 21 20 28
f 28 24 23
f 28 20 23
f 26 25 22
f 26 21 22
f 31 32 25
f 31 26 25
f 30 31 26
f 30 27 26
f 29 30 27
f 29 28 27
f 29 33 24
f 29 28 24
f 37 34 35
f 35 36 37
f 39 40 41
f 41 38 39
f 41 40 35
f 35 34 41
f 40 39 36
f 36 35 40
f 39 38 37
f 37 36 39
f 38 41 34
f 34 37 38
f 2 60 1
f 3 59 2
f 4 58 3
f 5 57 4
f 6 56 5
f 7 55 6
f 8 54 7
f 9 53 8
f 10 52 9
f 11 51 10
f 12 50 11
f 13 49 12
f 16 46 15
f 17 45 16
f 18 44 17
f 19 43 18
f 19 60 1
f 14 48 13
f 15 47 14
f 46 15 47
f 47 14 48
f 42 19 60
f 42 19 43
f 43 18 44
f 44 17 45
f 45 16 46
f 48 13 49
f 49 12 50
f 50 11 51
f 51 10 52
f 52 9 53
f 53 8 54
f 54 7 55
f 55 6 56
f 56 5 57
f 57 4 58
f 58 3 59
f 59 2 60
f 63 87 64
f 64 86 65
f 61 76 75
f 61 89 62
f 65 85 66
f 66 84 67
f 67 83 68
f 68 82 69
f 69 81 70
f 70 80 71
f 71 79 72
f 73 77 74
f 74 76 75
f 73 79 72
f 63 89 62
f 88 63 89
f 88 87 89
f 78 89 79
f 78 73 79
f 77 89 76
f 77 74 76
f 78 89 77
f 78 73 77
f 80 89 79
f 80 71 79
f 81 89 80
f 81 70 80
f 82 89 81
f 82 69 81
f 83 89 82
f 83 68 82
f 84 89 83
f 84 67 83
f 85 89 84
f 85 66 84
f 86 89 85
f 86 65 85
f 90 61 89
f 90 76 89
f 90 61 76
f 87 89 86
f 87 64 86
f 88 63 87
f 63 87 89
f 61 76 89
f 92 120 91
f 93 119 92
f 95 117 94
f 96 116 95
f 97 115 96
f 98 114 97
f 99 113 98
f 100 112 99
f 101 111 100
f 105 107 104
f 105 120 91
f 102 110 101
f 103 109 102
f 94 118 93
f 104 108 103
f 107 120 108
f 107 104 108
f 117 120 118
f 117 94 118
f 108 120 109
f 108 103 109
f 109 120 110
f 109 102 110
f 106 105 120
f 106 107 120
f 106 105 107
f 110 120 111
f 110 101 111
f 111 120 112
f 111 100 112
f 112 120 113
f 112 99 113
f 113 120 114
f 113 98 114
f 114 120 115
f 114 97 115
f 115 120 116
f 115 96 116
f 116 120 117
f 116 95 117
f 118 120 119
f 118 93 119
f 119 92 120
f 105 107 120
f 123 128 122
f 123 124 122
f 124 125 122
f 125 126 122
f 126 127 122
f 127 128 122
f 123 130 124
f 124 132 125
f 125 134 126
f 126 136 127
f 127 138 128
f 128 140 123
f 123 140 129
f 123 130 129
f 130 131 124
f 131 132 124
f 132 133 125
f 133 134 125
f 134 135 126
f 135 136 126
f 136 137 127
f 137 138 127
f 138 139 128
f 139 140 128
f 152 158 141
f 141 153 158
f 153 142 141
f 142 153 143
f 143 154 153
f 154 144 143
f 144 154 145
f 145 155 154
f 155 146 145
f 146 155 147
f 147 156 155
f 156 148 147
f 148 156 149
f 149 157 156
f 157 150 149
f 150 157 151
f 151 158 157
f 158 152 151
f 153 159 158
f 154 159 153
f 155 159 154
f 156 159 155
f 157 159 156
f 158 159 157
f 161 163 164
f 161 165 164
f 161 166 165
f 161 167 166
f 161 168 167
f 161 169 168
f 161 170 169
f 161 171 170
f 161 172 171
f 161 173 172
f 161 174 173
f 174 175 161
f 174 176 161
f 163 162 161
f 189 190 161
f 189 162 161
f 188 189 162
f 188 163 162
f 186 187 164
f 186 165 164
f 185 186 165
f 185 166 165
f 184 185 166
f 184 167 166
f 183 184 167
f 183 168 167
f 182 183 168
f 182 169 168
f 181 182 169
f 181 170 169
f 180 181 170
f 180 171 170
f 176 177 174
f 176 175 174
f 176 190 161
f 176 175 161
f 179 180 171
f 179 172 171
f 178 179 172
f 178 173 172
f 187 188 163
f 187 164 163
f 177 178 173
f 177 174 173
f 192 205 204
f 192 203 204
f 192 202 203
f 192 201 202
f 192 200 201
f 192 199 200
f 192 198 199
f 192 197 198
f 192 196 197
f 192 195 196
f 192 194 195
f 194 193 192
f 194 218 192
f 192 191 205
f 192 220 205
f 218 217 194
f 218 193 194
f 217 216 195
f 217 194 195
f 220 206 205
f 220 191 205
f 220 219 192
f 220 191 192
f 216 215 196
f 216 195 196
f 215 214 197
f 215 196 197
f 214 213 198
f 214 197 198
f 213 212 199
f 213 198 199
f 212 211 200
f 212 199 200
f 211 210 201
f 211 200 201
f 210 209 202
f 210 201 202
f 208 207 204
f 208 203 204
f 207 206 205
f 207 204 205
f 208 209 202
f 208 203 202
f 218 219 192
f 218 193 192
f 1200 1201 221
f 1200 222 221
f 1199 1200 222
f 1199 223 222
f 1198 1199 223
f 1198 224 223
f 1197 1198 224
f 1197 225 224
f 1196 1197 225
f 1196 226 225
f 1195 1196 226
f 1195 227 226
f 1194 1195 227
f 1194 228 227
f 1193 1194 228
f 1193 229 228
f 1192 1193 229
f 1192 230 229
f 1191 1192 230
f 1191 231 230
f 1190 1191 231
f 1190 232 231
f 1189 1190 232
f 1189 233 232
f 1186 1187 235
f 1186 236 235
f 1185 1186 236
f 1185 237 236
f 1184 1185 237
f 1184 238 237
f 1183 1184 238
f 1183 239 238
f 1183 1201 221
f 1183 239 221
f 1188 1189 233
f 1188 234 233
f 1187 1188 234
f 1187 235 234
f 240 244 243
f 240 242 243
f 242 241 240
f 244 245 240
f 245 244 247
f 245 246 247
f 244 243 248
f 244 247 248
f 243 242 249
f 243 248 249
f 242 241 250
f 242 249 250
f 241 240 251
f 241 250 251
f 240 245 246
f 240 251 246
f 262 261 260
f 262 259 260
f 262 258 259
f 262 257 258
f 262 256 257
f 262 255 256
f 262 254 255
f 262 253 254
f 262 252 253
f 262 261 252
f 840 841 1044
f 1044 839 840
f 1044 838 839
f 1044 837 838
f 1044 836 837
f 1044 835 836
f 1044 834 835
f 1044 833 834
f 1044 832 833
f 1044 831 832
f 1044 830 831
f 1044 829 830
f 1044 828 829
f 1044 827 828
f 1044 826 827
f 1044 825 826
f 1044 824 825
f 1044 823 824
f 1044 822 823
f 1044 841 822
f 861 841 840
f 840 860 861
f 840 839 860
f 839 859 860
f 839 838 859
f 838 858 859
f 838 837 858
f 837 857 858
f 837 836 857
f 836 856 857
f 836 835 856
f 835 855 856
f 835 834 855
f 834 854 855
f 834 833 854
f 833 853 854
f 833 832 853
f 832 852 853
f 832 831 852
f 831 851 852
f 831 830 851
f 830 850 851
f 830 829 850
f 829 849 850
f 829 828 849
f 828 848 849
f 828 827 848
f 827 847 848
f 827 826 847
f 826 846 847
f 826 825 846
f 825 845 846
f 825 824 845
f 824 844 845
f 824 823 844
f 823 843 844
f 823 822 843
f 822 842 843
f 822 841 842
f 841 861 842
f 881 861 860
f 860 880 881
f 860 859 880
f 859 879 880
f 859 858 879
f 858 878 879
f 858 857 878
f 857 877 878
f 857 856 877
f 856 876 877
f 856 855 876
f 855 875 876
f 855 854 875
f 854 874 875
f 854 853 874
f 853 873 874
f 853 852 873
f 852 872 873
f 852 851 872
f 851 871 872
f 851 850 871
f 850 870 871
f 850 849 870
f 849 869 870
f 849 848 869
f 848 868 869
f 848 847 868
f 847 867 868
f 847 846 867
f 846 866 867
f 846 845 866
f 845 865 866
f 845 844 865
f 844 864 865
f 844 843 864
f 843 863 864
f 843 842 863
f 842 862 863
f 842 861 862
f 861 881 862
f 901 881 880
f 880 900 901
f 880 879 900
f 879 899 900
f 879 878 899
f 878 898 899
f 878 877 898
f 877 897 898
f 877 876 897
f 876 896 897
f 876 875 896
f 875 895 896
f 875 874 895
f 874 894 895
f 874 873 894
f 873 893 894
f 873 872 893
f 872 892 893
f 872 871 892
f 871 891 892
f 871 870 891
f 870 890 891
f 870 869 890
f 869 889 890
f 869 868 889
f 868 888 889
f 868 867 888
f 867 887 888
f 867 866 887
f 866 886 887
f 866 865 886
f 865 885 886
f 865 864 885
f 864 884 885
f 864 863 884
f 863 883 884
f 863 862 883
f 862 882 883
f 862 881 882
f 881 901 882
f 921 901 900
f 900 920 921
f 900 899 920
f 899 919 920
f 899 898 919
f 898 918 919
f 898 897 918
f 897 917 918
f 897 896 917
f 896 916 917
f 896 895 916
f 895 915 916
f 895 894 915
f 894 914 915
f 894 893 914
f 893 913 914
f 893 892 913
f 892 912 913
f 892 891 912
f 891 911 912
f 891 890 911
f 890 910 911
f 890 889 910
f 889 909 910
f 889 888 909
f 888 908 909
f 888 887 908
f 887 907 908
f 887 886 907
f 886 906 907
f 886 885 906
f 885 905 906
f 885 884 905
f 884 904 905
f 884 883 904
f 883 903 904
f 883 882 903
f 882 902 903
f 882 901 902
f 901 921 902
f 941 921 920
f 920 940 941
f 920 919 940
f 919 939 940
f 919 918 939
f 918 938 939
f 918 917 938
f 917 937 938
f 917 916 937
f 916 936 937
f 916 915 936
f 915 935 936
f 915 914 935
f 914 934 935
f 914 913 934
f 913 933 934
f 913 912 933
f 912 932 933
f 912 911 932
f 911 931 932
f 911 910 931
f 910 930 931
f 910 909 930
f 909 929 930
f 909 908 929
f 908 928 929
f 908 907 928
f 907 927 928
f 907 906 927
f 906 926 927
f 906 905 926
f 905 925 926
f 905 904 925
f 904 924 925
f 904 903 924
f 903 923 924
f 903 902 923
f 902 922 923
f 902 921 922
f 921 941 922
f 961 941 940
f 940 960 961
f 940 939 960
f 939 959 960
f 939 938 959
f 938 958 959
f 938 937 958
f 937 957 958
f 937 936 957
f 936 956 957
f 936 935 956
f 935 955 956
f 935 934 955
f 934 954 955
f 934 933 954
f 933 953 954
f 933 932 953
f 932 952 953
f 932 931 952
f 931 951 952
f 931 930 951
f 930 950 951
f 930 929 950
f 929 949 950
f 929 928 949
f 928 948 949
f 928 927 948
f 927 947 948
f 927 926 947
f 926 946 947
f 926 925 946
f 925 945 946
f 925 924 945
f 924 944 945
f 924 923 944
f 923 943 944
f 923 922 943
f 922 942 943
f 922 941 942
f 941 961 942
f 981 961 960
f 960 980 981
f 960 959 980
f 959 979 980
f 959 958 979
f 958 978 979
f 958 957 978
f 957 977 978
f 957 956 977
f 956 976 977
f 956 955 976
f 955 975 976
f 955 954 975
f 954 974 975
f 954 953 974
f 953 973 974
f 953 952 973
f 952 972 973
f 952 951 972
f 951 971 972
f 951 950 971
f 950 970 971
f 950 949 970
f 949 969 970
f 949 948 969
f 948 968 969
f 948 947 968
f 947 967 968
f 947 946 967
f 946 966 967
f 946 945 966
f 945 965 966
f 945 944 965
f 944 964 965
f 944 943 964
f 943 963 964
f 943 942 963
f 942 962 963
f 942 961 962
f 961 981 962
f 1001 981 980
f 980 1000 1001
f 980 979 1000
f 979 999 1000
f 979 978 999
f 978 998 999
f 978 977 998
f 977 997 998
f 977 976 997
f 976 996 997
f 976 975 996
f 975 995 996
f 975 974 995
f 974 994 995
f 974 973 994
f 973 993 994
f 973 972 993
f 972 992 993
f 972 971 992
f 971 991 992
f 971 970 991
f 970 990 991
f 970 969 990
f 969 989 990
f 969 968 989
f 968 988 989
f 968 967 988
f 967 987 988
f 967 966 987
f 966 986 987
f 966 965 986
f 965 985 986
f 965 964 985
f 964 984 985
f 964 963 984
f 963 983 984
f 963 962 983
f 962 982 983
f 962 981 982
f 981 1001 982
f 1021 1001 1000
f 1000 1020 1021
f 1000 999 1020
f 999 1019 1020
f 999 998 1019
f 998 1018 1019
f 998 997 1018
f 997 1017 1018
f 997 996 1017
f 996 1016 1017
f 996 995 1016
f 995 1015 1016
f 995 994 1015
f 994 1014 1015
f 994 993 1014
f 993 1013 1014
f 993 992 1013
f 992 1012 1013
f 992 991 1012
f 991 1011 1012
f 991 990 1011
f 990 1010 1011
f 990 989 1010
f 989 1009 1010
f 989 988 1009
f 988 1008 1009
f 988 987 1008
f 987 1007 1008
f 987 986 1007
f 986 1006 1007
f 986 985 1006
f 985 1005 1006
f 985 984 1005
f 984 1004 1005
f 984 983 1004
f 983 1003 1004
f 983 982 1003
f 982 1002 1003
f 982 1001 1002
f 1001 1021 1002
f 1041 1021 1020
f 1020 1040 1041
f 1020 1019 1040
f 1019 1039 1040
f 1019 1018 1039
f 1018 1038 1039
f 1018 1017 1038
f 1017 1037 1038
f 1017 1016 1037
f 1016 1036 1037
f 1016 1015 1036
f 1015 1035 1036
f 1015 1014 1035
f 1014 1034 1035
f 1014 1013 1034
f 1013 1033 1034
f 1013 1012 1033
f 1012 1032 1033
f 1012 1011 1032
f 1011 1031 1032
f 1011 1010 1031
f 1010 1030 1031
f 1010 1009 1030
f 1009 1029 1030
f 1009 1008 1029
f 1008 1028 1029
f 1008 1007 1028
f 1007 1027 1028
f 1007 1006 1027
f 1006 1026 1027
f 1006 1005 1026
f 1005 1025 1026
f 1005 1004 1025
f 1004 1024 1025
f 1004 1003 1024
f 1003 1023 1024
f 1003 1002 1023
f 1002 1022 1023
f 1002 1021 1022
f 1021 1041 1022
f 1043 1041 1040
f 1040 1039 1043
f 1039 1038 1043
f 1038 1037 1043
f 1037 1036 1043
f 1036 1035 1043
f 1035 1034 1043
f 1034 1033 1043
f 1033 1032 1043
f 1032 1031 1043
f 1031 1030 1043
f 1030 1029 1043
f 1029 1028 1043
f 1028 1027 1043
f 1027 1026 1043
f 1026 1025 1043
f 1025 1024 1043
f 1024 1023 1043
f 1023 1022 1043
f 1022 1041 1043
f 271 272 282
f 271 281 282
f 271 270 281
f 270 280 281
f 270 269 280
f 269 279 280
f 269 268 279
f 268 278 279
f 268 267 278
f 267 277 278
f 267 266 277
f 266 276 277
f 266 265 276
f 265 275 276
f 265 264 275
f 264 274 275
f 264 263 274
f 263 273 274
f 263 272 273
f 272 282 273
f 1084 1065 1064
f 1084 1045 1064
f 1084 1083 1046
f 1084 1045 1046
f 1083 1082 1047
f 1083 1046 1047
f 1082 1081 1048
f 1082 1047 1048
f 1081 1080 1049
f 1081 1048 1049
f 1080 1079 1050
f 1080 1049 1050
f 1079 1078 1051
f 1079 1050 1051
f 1078 1077 1052
f 1078 1051 1052
f 1077 1076 1053
f 1077 1052 1053
f 1076 1075 1054
f 1076 1053 1054
f 1075 1074 1055
f 1075 1054 1055
f 1074 1073 1056
f 1074 1055 1056
f 1073 1072 1057
f 1073 1056 1057
f 1072 1071 1058
f 1072 1057 1058
f 1071 1070 1059
f 1071 1058 1059
f 1070 1069 1060
f 1070 1059 1060
f 1069 1068 1061
f 1069 1060 1061
f 1068 1067 1062
f 1068 1061 1062
f 1067 1066 1063
f 1067 1062 1063
f 1066 1065 1064
f 1066 1063 1064
f 1103 1104 1065
f 1103 1066 1065
f 1102 1103 1066
f 1102 1067 1066
f 1101 1102 1067
f 1101 1068 1067
f 1100 1101 1068
f 1100 1069 1068
f 1099 1100 1069
f 1099 1070 1069
f 1098 1099 1070
f 1098 1071 1070
f 1097 1098 1071
f 1097 1072 1071
f 1096 1097 1072
f 1096 1073 1072
f 1095 1096 1073
f 1095 1074 1073
f 1094 1095 1074
f 1094 1075 1074
f 1093 1094 1075
f 1093 1076 1075
f 1092 1093 1076
f 1092 1077 1076
f 1091 1092 1077
f 1091 1078 1077
f 1090 1091 1078
f 1090 1079 1078
f 1089 1090 1079
f 1089 1080 1079
f 1088 1089 1080
f 1088 1081 1080
f 1087 1088 1081
f 1087 1082 1081
f 1086 1087 1082
f 1086 1083 1082
f 1085 1086 1083
f 1085 1084 1083
f 1085 1104 1065
f 1085 1084 1065
f 1124 1105 1104
f 1124 1085 1104
f 1124 1123 1086
f 1124 1085 1086
f 1123 1122 1087
f 1123 1086 1087
f 1122 1121 1088
f 1122 1087 1088
f 1121 1120 1089
f 1121 1088 1089
f 1120 1119 1090
f 1120 1089 1090
f 1119 1118 1091
f 1119 1090 1091
f 1118 1117 1092
f 1118 1091 1092
f 1117 1116 1093
f 1117 1092 1093
f 1116 1115 1094
f 1116 1093 1094
f 1115 1114 1095
f 1115 1094 1095
f 1114 1113 1096
f 1114 1095 1096
f 1113 1112 1097
f 1113 1096 1097
f 1112 1111 1098
f 1112 1097 1098
f 1111 1110 1099
f 1111 1098 1099
f 1110 1109 1100
f 1110 1099 1100
f 1109 1108 1101
f 1109 1100 1101
f 1108 1107 1102
f 1108 1101 1102
f 1107 1106 1103
f 1107 1102 1103
f 1106 1105 1104
f 1106 1103 1104
f 800 801 1105
f 800 1106 1105
f 799 800 1106
f 799 1107 1106
f 798 799 1107
f 798 1108 1107
f 797 798 1108
f 797 1109 1108
f 796 797 1109
f 796 1110 1109
f 795 796 1110
f 795 1111 1110
f 794 795 1111
f 794 1112 1111
f 793 794 1112
f 793 1113 1112
f 792 793 1113
f 792 1114 1113
f 791 792 1114
f 791 1115 1114
f 790 791 1115
f 790 1116 1115
f 789 790 1116
f 789 1117 1116
f 782 789 1117
f 782 1118 1117
f 788 782 1118
f 788 1119 1118
f 787 788 1119
f 787 1120 1119
f 786 787 1120
f 786 1121 1120
f 785 786 1121
f 785 1122 1121
f 784 785 1122
f 784 1123 1122
f 783 784 1123
f 783 1124 1123
f 783 801 1105
f 783 1124 1105
f 803 821 814
f 803 807 814
f 814 816 807
f 803 802 807
f 803 805 802
f 805 804 803
f 821 820 803
f 821 819 820
f 819 818 821
f 819 287 821
f 821 813 814
f 821 292 814
f 814 815 816
f 816 817 807
f 802 808 807
f 802 809 808
f 802 810 809
f 802 811 810
f 811 812 802
f 811 293 802
f 805 806 802
f 805 299 802
f 299 303 802
f 299 806 802
f 293 294 811
f 293 812 811
f 294 295 810
f 294 811 810
f 295 296 809
f 295 810 809
f 296 297 808
f 296 809 808
f 297 298 807
f 297 808 807
f 301 302 803
f 301 804 803
f 300 301 804
f 300 805 804
f 299 300 805
f 299 806 805
f 293 303 802
f 293 812 802
f 292 284 821
f 292 813 821
f 287 286 819
f 287 818 819
f 286 285 820
f 286 819 820
f 285 302 803
f 285 820 803
f 288 298 807
f 288 817 807
f 289 288 817
f 289 816 817
f 290 289 816
f 290 815 816
f 291 290 815
f 291 814 815
f 292 291 814
f 292 813 814
f 287 284 821
f 287 818 821
f 320 323 284
f 320 287 284
f 315 316 291
f 315 292 291
f 316 317 290
f 316 291 290
f 317 318 289
f 317 290 289
f 318 319 288
f 318 289 288
f 319 309 298
f 319 288 298
f 322 305 302
f 322 285 302
f 321 322 285
f 321 286 285
f 320 321 286
f 320 287 286
f 315 323 284
f 315 292 284
f 314 304 303
f 314 293 303
f 308 307 300
f 308 299 300
f 307 306 301
f 307 300 301
f 306 305 302
f 306 301 302
f 310 309 298
f 310 297 298
f 311 310 297
f 311 296 297
f 312 311 296
f 312 295 296
f 313 312 295
f 313 294 295
f 314 313 294
f 314 293 294
f 308 304 303
f 308 299 303
f 767 328 774
f 780 768 333
f 780 332 333
f 780 331 332
f 780 330 331
f 780 329 330
f 768 779 324
f 768 333 324
f 333 332 325
f 333 324 325
f 332 331 326
f 332 325 326
f 331 330 327
f 331 326 327
f 330 329 328
f 330 327 328
f 354 335 334
f 353 354 335
f 353 336 335
f 352 353 336
f 352 337 336
f 351 352 337
f 351 338 337
f 350 351 338
f 350 339 338
f 344 345 360
f 344 359 360
f 344 343 359
f 343 358 359
f 343 342 358
f 342 357 358
f 342 341 357
f 341 356 357
f 341 340 356
f 340 355 356
f 359 360 366
f 359 365 366
f 359 358 365
f 358 364 365
f 358 357 364
f 357 363 364
f 357 356 363
f 356 362 363
f 356 355 362
f 355 361 362
f 365 366 371
f 365 370 371
f 365 364 370
f 364 369 370
f 364 363 369
f 363 368 369
f 363 362 368
f 362 367 368
f 362 361 367
f 370 371 377
f 370 376 377
f 370 369 376
f 369 375 376
f 369 368 375
f 368 374 375
f 368 367 374
f 367 373 374
f 378 377 376
f 378 375 376
f 378 374 375
f 378 373 374
f 378 372 373
f 561 562 581
f 561 581 580
f 561 580 579
f 561 579 578
f 561 578 577
f 561 577 576
f 561 576 575
f 561 575 574
f 561 574 573
f 561 573 572
f 561 572 571
f 561 571 570
f 561 570 569
f 561 569 568
f 561 568 567
f 561 567 566
f 561 566 565
f 561 565 564
f 561 564 563
f 563 562 561
f 581 562 582
f 581 582 601
f 580 581 601
f 580 601 600
f 579 580 600
f 579 600 599
f 578 579 599
f 578 599 598
f 577 578 598
f 577 598 597
f 576 577 597
f 576 597 596
f 575 576 596
f 575 596 595
f 574 575 595
f 574 595 594
f 573 574 594
f 573 594 593
f 572 573 593
f 572 593 592
f 571 572 592
f 571 592 591
f 570 571 591
f 570 591 590
f 569 570 590
f 569 590 589
f 568 569 589
f 568 589 588
f 567 568 588
f 567 588 587
f 566 567 587
f 566 587 586
f 565 566 586
f 565 586 585
f 564 565 585
f 564 585 584
f 563 564 584
f 563 584 583
f 562 563 583
f 583 582 562
f 601 582 602
f 601 602 621
f 600 601 621
f 600 621 620
f 599 600 620
f 599 620 619
f 598 599 619
f 598 619 618
f 597 598 618
f 597 618 617
f 596 597 617
f 596 617 616
f 595 596 616
f 595 616 615
f 594 595 615
f 594 615 614
f 593 594 614
f 593 614 613
f 592 593 613
f 592 613 612
f 591 592 612
f 591 612 611
f 590 591 611
f 590 611 610
f 589 590 610
f 589 610 609
f 588 589 609
f 588 609 608
f 587 588 608
f 587 608 607
f 586 587 607
f 586 607 606
f 585 586 606
f 585 606 605
f 584 585 605
f 584 605 604
f 583 584 604
f 583 604 603
f 582 583 603
f 603 602 582
f 621 602 622
f 621 622 641
f 620 621 641
f 620 641 640
f 619 620 640
f 619 640 639
f 618 619 639
f 618 639 638
f 617 618 638
f 617 638 637
f 616 617 637
f 616 637 636
f 615 616 636
f 615 636 635
f 614 615 635
f 614 635 634
f 613 614 634
f 613 634 633
f 612 613 633
f 612 633 632
f 611 612 632
f 611 632 631
f 610 611 631
f 610 631 630
f 609 610 630
f 609 630 629
f 608 609 629
f 608 629 628
f 607 608 628
f 607 628 627
f 606 607 627
f 606 627 626
f 605 606 626
f 605 626 625
f 604 605 625
f 604 625 624
f 603 604 624
f 603 624 623
f 602 603 623
f 623 622 602
f 641 622 642
f 641 642 661
f 640 641 661
f 640 661 660
f 639 640 660
f 639 660 659
f 638 639 659
f 638 659 658
f 637 638 658
f 637 658 657
f 636 637 657
f 636 657 656
f 635 636 656
f 635 656 655
f 634 635 655
f 634 655 654
f 633 634 654
f 633 654 653
f 632 633 653
f 632 653 652
f 631 632 652
f 631 652 651
f 630 631 651
f 630 651 650
f 629 630 650
f 629 650 649
f 628 629 649
f 628 649 648
f 627 628 648
f 627 648 647
f 626 627 647
f 626 647 646
f 625 626 646
f 625 646 645
f 624 625 645
f 624 645 644
f 623 624 644
f 623 644 643
f 622 623 643
f 643 642 622
f 661 642 662
f 661 662 681
f 660 661 681
f 660 681 680
f 659 660 680
f 659 680 679
f 658 659 679
f 658 679 678
f 657 658 678
f 657 678 677
f 656 657 677
f 656 677 676
f 655 656 676
f 655 676 675
f 654 655 675
f 654 675 674
f 653 654 674
f 653 674 673
f 652 653 673
f 652 673 672
f 651 652 672
f 651 672 671
f 650 651 671
f 650 671 670
f 649 650 670
f 649 670 669
f 648 649 669
f 648 669 668
f 647 648 668
f 647 668 667
f 646 647 667
f 646 667 666
f 645 646 666
f 645 666 665
f 644 645 665
f 644 665 664
f 643 644 664
f 643 664 663
f 642 643 663
f 663 662 642
f 681 662 682
f 681 682 701
f 680 681 701
f 680 701 700
f 679 680 700
f 679 700 699
f 678 679 699
f 678 699 698
f 677 678 698
f 677 698 697
f 676 677 697
f 676 697 696
f 675 676 696
f 675 696 695
f 674 675 695
f 674 695 694
f 673 674 694
f 673 694 693
f 672 673 693
f 672 693 692
f 671 672 692
f 671 692 691
f 670 671 691
f 670 691 690
f 669 670 690
f 669 690 689
f 668 669 689
f 668 689 688
f 667 668 688
f 667 688 687
f 666 667 687
f 666 687 686
f 665 666 686
f 665 686 685
f 664 665 685
f 664 685 684
f 663 664 684
f 663 684 683
f 662 663 683
f 683 682 662
f 701 682 379
f 701 379 398
f 700 701 398
f 700 398 397
f 699 700 397
f 699 397 396
f 698 699 396
f 698 396 395
f 697 698 395
f 697 395 394
f 696 697 394
f 696 394 393
f 695 696 393
f 695 393 392
f 694 695 392
f 694 392 391
f 693 694 391
f 693 391 390
f 692 693 390
f 692 390 389
f 691 692 389
f 691 389 388
f 690 691 388
f 690 388 387
f 689 690 387
f 689 387 386
f 688 689 386
f 688 386 385
f 687 688 385
f 687 385 384
f 686 687 384
f 686 384 383
f 685 686 383
f 685 383 382
f 684 685 382
f 684 382 381
f 683 684 381
f 683 381 380
f 682 683 380
f 380 379 682
f 398 379 399
f 398 399 418
f 397 398 418
f 397 418 417
f 396 397 417
f 396 417 416
f 395 396 416
f 395 416 415
f 394 395 415
f 394 415 414
f 393 394 414
f 393 414 413
f 392 393 413
f 392 413 412
f 391 392 412
f 391 412 411
f 390 391 411
f 390 411 410
f 389 390 410
f 389 410 409
f 388 389 409
f 388 409 408
f 387 388 408
f 387 408 407
f 386 387 407
f 386 407 406
f 385 386 406
f 385 406 405
f 384 385 405
f 384 405 404
f 383 384 404
f 383 404 403
f 382 383 403
f 382 403 402
f 381 382 402
f 381 402 401
f 380 381 401
f 380 401 400
f 379 380 400
f 400 399 379
f 418 399 419
f 418 419 438
f 417 418 438
f 417 438 437
f 416 417 437
f 416 437 436
f 415 416 436
f 415 436 435
f 414 415 435
f 414 435 434
f 413 414 434
f 413 434 433
f 412 413 433
f 412 433 432
f 411 412 432
f 411 432 431
f 410 411 431
f 410 431 430
f 409 410 430
f 409 430 429
f 408 409 429
f 408 429 428
f 407 408 428
f 407 428 427
f 406 407 427
f 406 427 426
f 405 406 426
f 405 426 425
f 404 405 425
f 404 425 424
f 403 404 424
f 403 424 423
f 402 403 423
f 402 423 422
f 401 402 422
f 401 422 421
f 400 401 421
f 400 421 420
f 399 400 420
f 420 419 399
f 438 419 439
f 438 439 458
f 437 438 458
f 437 458 457
f 436 437 457
f 436 457 456
f 435 436 456
f 435 456 455
f 434 435 455
f 434 455 454
f 433 434 454
f 433 454 453
f 432 433 453
f 432 453 452
f 431 432 452
f 431 452 451
f 430 431 451
f 430 451 450
f 429 430 450
f 429 450 449
f 428 429 449
f 428 449 448
f 427 428 448
f 427 448 447
f 426 427 447
f 426 447 446
f 425 426 446
f 425 446 445
f 424 425 445
f 424 445 444
f 423 424 444
f 423 444 443
f 422 423 443
f 422 443 442
f 421 422 442
f 421 442 441
f 420 421 441
f 420 441 440
f 419 420 440
f 440 439 419
f 458 439 459
f 458 459 478
f 457 458 478
f 457 478 477
f 456 457 477
f 456 477 476
f 455 456 476
f 455 476 475
f 454 455 475
f 454 475 474
f 453 454 474
f 453 474 473
f 452 453 473
f 452 473 472
f 451 452 472
f 451 472 471
f 450 451 471
f 450 471 470
f 449 450 470
f 449 470 469
f 448 449 469
f 448 469 468
f 447 448 468
f 447 468 467
f 446 447 467
f 446 467 466
f 445 446 466
f 445 466 465
f 444 445 465
f 444 465 464
f 443 444 464
f 443 464 463
f 442 443 463
f 442 463 462
f 441 442 462
f 441 462 461
f 440 441 461
f 440 461 460
f 439 440 460
f 460 459 439
f 478 459 479
f 478 479 498
f 477 478 498
f 477 498 497
f 476 477 497
f 476 497 496
f 475 476 496
f 475 496 495
f 474 475 495
f 474 495 494
f 473 474 494
f 473 494 493
f 472 473 493
f 472 493 492
f 471 472 492
f 471 492 491
f 470 471 491
f 470 491 490
f 469 470 490
f 469 490 489
f 468 469 489
f 468 489 488
f 467 468 488
f 467 488 487
f 466 467 487
f 466 487 486
f 465 466 486
f 465 486 485
f 464 465 485
f 464 485 484
f 463 464 484
f 463 484 483
f 462 463 483
f 462 483 482
f 461 462 482
f 461 482 481
f 460 461 481
f 460 481 480
f 459 460 480
f 480 479 459
f 499 500 511
f 499 511 510
f 499 510 509
f 499 509 508
f 499 508 507
f 499 507 506
f 499 506 505
f 499 505 504
f 499 504 503
f 499 503 502
f 499 502 501
f 499 500 501
f 512 500 511
f 523 512 511
f 523 511 510
f 522 523 510
f 522 510 509
f 521 522 509
f 521 509 508
f 520 521 508
f 520 508 507
f 519 520 507
f 519 507 506
f 518 519 506
f 518 506 505
f 517 518 505
f 517 505 504
f 516 517 504
f 516 504 503
f 515 516 503
f 515 503 502
f 514 515 502
f 514 502 501
f 513 514 501
f 513 501 500
f 513 512 500
f 524 512 523
f 535 524 523
f 535 523 522
f 534 535 522
f 534 522 521
f 533 534 521
f 533 521 520
f 532 533 520
f 532 520 519
f 531 532 519
f 531 519 518
f 530 531 518
f 530 518 517
f 529 530 517
f 529 517 516
f 528 529 516
f 528 516 515
f 527 528 515
f 527 515 514
f 526 527 514
f 526 514 513
f 525 526 513
f 525 513 512
f 525 524 512
f 536 524 535
f 547 536 535
f 547 535 534
f 546 547 534
f 546 534 533
f 545 546 533
f 545 533 532
f 544 545 532
f 544 532 531
f 543 544 531
f 543 531 530
f 542 543 530
f 542 530 529
f 541 542 529
f 541 529 528
f 540 541 528
f 540 528 527
f 539 540 527
f 539 527 526
f 538 539 526
f 538 526 525
f 537 538 525
f 537 525 524
f 537 536 524
f 550 548 549
f 551 548 550
f 552 548 551
f 553 548 552
f 554 548 553
f 555 548 554
f 556 548 555
f 557 548 556
f 558 548 557
f 559 548 558
f 560 548 559
f 560 548 549
f 711 702 706
f 706 707 711
f 710 703 702
f 702 711 710
f 709 704 703
f 703 710 709
f 708 705 704
f 704 709 708
f 707 706 705
f 705 708 707
f 705 706 702
f 704 705 702
f 702 703 704
f 710 711 707
f 708 709 710
f 710 707 708
f 725 712 718
f 718 719 725
f 724 713 712
f 712 725 724
f 723 714 713
f 713 724 723
f 722 715 714
f 714 723 722
f 721 716 715
f 715 722 721
f 720 717 716
f 716 721 720
f 719 718 717
f 717 720 719
f 717 718 712
f 712 713 714
f 714 715 716
f 712 714 716
f 716 717 712
f 724 725 719
f 722 723 724
f 721 722 724
f 721 724 719
f 719 720 721
f 334 726 728
f 372 373 727
f 367 373 727
f 361 367 727
f 346 308 304
f 346 726 304
f 340 314 313
f 340 341 313
f 341 313 312
f 341 342 312
f 342 312 311
f 342 343 311
f 343 311 310
f 343 344 310
f 344 310 309
f 344 345 309
f 348 306 305
f 348 349 305
f 347 307 306
f 347 348 306
f 346 308 307
f 346 347 307
f 314 726 334
f 314 726 304
f 731 315 323
f 320 757 321
f 321 756 322
f 322 755 305
f 319 758 309
f 318 759 319
f 317 760 318
f 316 761 317
f 315 762 316
f 320 757 323
f 757 323 731
f 767 315 731
f 731 767 729
f 736 730 735
f 762 316 761
f 761 317 760
f 760 318 759
f 759 319 758
f 758 309 345
f 378 736 735
f 378 735 734
f 378 734 733
f 378 733 732
f 378 377 732
f 740 730 735
f 740 735 734
f 739 740 734
f 739 734 733
f 738 739 733
f 738 733 732
f 737 738 732
f 737 732 377
f 737 371 377
f 745 730 740
f 744 745 740
f 744 740 739
f 743 744 739
f 743 739 738
f 742 743 738
f 742 738 737
f 741 742 737
f 741 737 371
f 741 366 371
f 750 745 744
f 749 750 744
f 749 744 743
f 748 749 743
f 748 743 742
f 747 748 742
f 747 742 741
f 746 747 741
f 746 741 366
f 746 360 366
f 762 750 749
f 761 762 749
f 761 749 748
f 760 761 748
f 760 748 747
f 759 760 747
f 759 747 746
f 758 759 746
f 758 746 360
f 758 345 360
f 755 305 349
f 756 322 755
f 757 321 756
f 350 754 763
f 350 339 763
f 754 763 764
f 754 753 764
f 753 764 765
f 753 752 765
f 752 765 766
f 752 751 766
f 751 766 767
f 757 726 346
f 731 757 726
f 757 346 347
f 756 757 347
f 755 756 347
f 755 347 348
f 755 349 348
f 755 305 348
f 731 726 728
f 729 731 728
f 772 775 774
f 772 773 774
f 771 776 775
f 771 772 775
f 770 777 776
f 770 771 776
f 769 778 777
f 769 770 777
f 768 779 778
f 768 769 778
f 780 773 772
f 780 772 771
f 780 771 770
f 780 770 769
f 780 769 768
f 1136 1125 1130
f 1136 1131 1130
f 1135 1126 1125
f 1135 1136 1125
f 1134 1127 1126
f 1134 1135 1126
f 1133 1128 1127
f 1133 1134 1127
f 1132 1129 1128
f 1132 1133 1128
f 1131 1130 1129
f 1131 1132 1129
f 1132 1131 1136
f 1134 1135 1136
f 1136 1134 1133
f 1136 1132 1133
f 1143 1142 1144
f 1144 1141 1145
f 1145 1140 1146
f 1146 1139 1147
f 1147 1138 1148
f 1148 1137 1143
f 1137 1143 1142
f 1138 1148 1137
f 1139 1147 1138
f 1139 1137 1138
f 1140 1146 1139
f 1140 1137 1139
f 1141 1145 1140
f 1141 1137 1140
f 1142 1137 1141
f 1142 1144 1141
f 1160 1149 1154
f 1160 1155 1154
f 1159 1150 1149
f 1159 1160 1149
f 1158 1151 1150
f 1158 1159 1150
f 1157 1152 1151
f 1157 1158 1151
f 1156 1153 1152
f 1156 1157 1152
f 1155 1154 1153
f 1155 1156 1153
f 1156 1155 1160
f 1158 1159 1160
f 1160 1158 1157
f 1160 1156 1157
f 1164 1165 1168
f 1168 1161 1164
f 1163 1166 1165
f 1165 1164 1163
f 1162 1167 1166
f 1166 1163 1162
f 1161 1168 1167
f 1167 1162 1161
f 1163 1164 1161
f 1161 1162 1163
f 1165 1166 1167
f 1167 1168 1165
f 1173 1174 1178
f 1173 1169 1178
f 1173 1174 1175
f 1173 1172 1175
f 1172 1175 1176
f 1172 1171 1176
f 1171 1176 1177
f 1171 1170 1177
f 1176 1181 1180
f 1176 1177 1180
f 1174 1182 1179
f 1174 1178 1179
f 1181 1182 1174
f 1176 1181 1174
f 1176 1175 1174
f 1182 1181 1180
f 1182 1179 1180
f 1170 1171 1169
f 1173 1169 1171
f 1173 1172 1171
